
# Input: xyxymatch_incoords.txt  Reference: xyxymatch_refcoords.txt  Number of tie points: 0
# Initial linear transformation
#     xref[tie] =         0. +         1. * x[tie] +         0. * y[tie]
#     yref[tie] =         0. +         0. * x[tie] +         1. * y[tie]
# dx: 0.00 dy: 0.00 xmag: 1.000 ymag: 1.000 xrot: 0.0 yrot: 0.0
#
# Column definitions
#    Column 1: X reference coordinate
#    Column 2: Y reference coordinate
#    Column 3: X input coordinate
#    Column 4: Y input coordinate
#    Column 5: Reference line number
#    Column 6: Input line number

     3278.963      2574.458       3278.786      2574.390      1  5891
     3353.078      2612.530       3342.632      2602.747      2  5451
     2915.037      2640.095       2900.513      2635.979      5  5609
     3069.017      2641.716       3068.621      2641.179      4  5648
     3074.082      2649.664       3074.792      2658.022      7  5734
     3084.339      2678.288       3083.921      2677.858      8  5900
     3486.720      2689.198       3486.351      2689.223      9  6053
     2844.503      2694.798       2844.813      2694.671     11  5935
     3222.295      2708.112       3221.839      2707.873     14  6189
     3549.373      2708.694       3549.840      2708.621     15  6045
     3120.132      2717.993       3126.292      2700.195     19  5981
     3256.858      2718.060       3257.428      2705.162      6  6022
     2964.957      2725.039       2964.846      2724.990     17  6106
     3061.921      2727.943       3061.914      2727.899     21  6180
     3004.118      2728.782       3004.242      2728.761     12  6241
     3051.072      2729.934       3051.482      2729.462     18  6150
     3077.924      2738.520       3077.789      2738.418     23  6167
     2923.038      2738.593       2923.173      2738.516     20  6238
     2950.298      2746.459       2960.359      2749.203     22  6232
     3157.623      2752.080       3157.740      2751.887     25  6248
     3000.406      2755.573       3000.513      2755.499     26  6308
     3238.184      2761.159       3238.247      2760.787     13  6652
     3402.823      2766.203       3402.758      2766.756     24  6500
     3776.733      2772.399       3776.507      2772.002     27  6379
     3526.869      2773.532       3527.739      2773.641     10  6468
     3459.741      2774.879       3460.895      2774.740     30  6427
     2834.812      2777.894       2835.227      2778.805     16  6665
     2647.109      2789.992       2638.125      2775.499     29  6384
     2684.705      2790.718       2684.136      2790.310     28  6475
     3305.748      2793.044       3305.632      2792.183     33  6472
     3086.061      2793.634       3085.906      2793.519     32  6517
     2828.776      2797.994       2827.096      2797.151     35  6533
     2910.171      2801.034       2910.708      2800.994     37  6702
     3139.982      2808.348       3150.410      2798.784     31  6505
     3615.947      2810.478       3616.030      2809.655     34  6762
     2618.185      2812.410       2606.145      2814.950     38  6757
     2930.268      2813.800       2929.804      2813.559     43  6636
     3062.855      2822.149       3063.000      2822.249     41  6672
     3778.937      2828.446       3779.347      2828.265     44  6796
     2766.258      2836.810       2766.286      2836.868     46  6841
     3285.584      2843.149       3285.819      2843.223     40  6830
     3105.638      2845.268       3105.475      2846.623     50  6892
     2813.660      2847.524       2813.754      2846.752     36  6945
     3117.806      2852.541       3116.581      2851.865     49  6826
     3652.699      2854.974       3652.606      2854.748     48  7038
     3262.087      2856.709       3261.798      2856.725     47  7042
     2773.309      2860.725       2773.138      2860.323     54  6898
     3029.969      2868.600       3029.845      2868.191     56  7008
     3047.061      2869.118       3047.020      2869.295     58  7043
     3827.088      2870.244       3826.825      2871.031     51  7002
     3176.183      2872.347       3193.157      2866.327     57  6907
     3488.386      2877.080       3488.112      2876.839     66  6999
     3291.763      2882.163       3293.987      2899.050     55  7095
     2609.910      2882.246       2610.030      2883.250     61  7058
     2751.279      2882.317       2750.768      2882.368     62  7195
     3411.954      2882.442       3411.914      2882.468     53  7251
     2727.152      2884.698       2726.334      2883.756     45  7385
     3064.279      2885.681       3046.802      2891.561     70  7040
     3786.367      2887.084       3786.413      2887.428     52  7266
     2950.762      2887.940       2950.882      2887.512     69  7022
     3746.910      2888.719       3746.325      2888.574     63  7124
     3449.808      2892.189       3449.195      2892.105     71  7155
     3003.907      2894.469       3003.240      2895.012     65  7164
     3287.642      2899.789       3293.987      2899.050     73  7095
     3217.408      2903.578       3215.867      2900.182     68  7126
     3723.805      2904.863       3724.359      2903.735     64  7289
     2733.114      2907.548       2733.049      2906.961     60  7308
     3237.727      2909.749       3237.607      2909.354     76  7218
     2961.268      2909.876       2962.218      2909.095     77  7374
     2599.414      2910.493       2599.505      2910.029     59  7341
     3664.755      2911.019       3670.190      2904.299     79  7153
     2895.613      2911.108       2895.633      2910.655     80  7215
     3060.209      2914.926       3046.166      2929.130     75  7282
     3540.506      2916.488       3540.774      2916.042     82  7201
     2865.482      2921.854       2862.568      2922.860     74  7329
     3157.888      2926.850       3157.007      2927.490     85  7287
     3567.271      2927.676       3567.627      2927.322     86  7338
     2817.013      2928.549       2816.740      2928.481     88  7331
     3273.219      2941.156       3273.390      2941.145     92  7420
     2499.846      2943.315       2499.340      2943.134     67  7693
     3788.910      2944.998       3788.967      2944.528     89  7414
     2980.938      2950.074       2980.780      2950.090     95  7429
     3061.962      2951.417       3061.677      2951.284     87  7585
     2563.575      2959.800       2563.456      2959.707     93  7496
     2945.256      2961.112       2944.801      2962.017     96  7474
     3027.146      2963.981       3025.168      2964.107    100  7539
     2766.284      2964.131       2765.829      2963.559     91  7705
     3511.590      2969.209       3511.165      2969.013     98  7591
     3664.033      2969.997       3654.601      2956.688    104  7476
     3390.645      2971.113       3390.883      2970.898    101  7543
     3941.805      2974.004       3932.614      2987.178     90  7597
     3415.386      2977.689       3415.181      2977.670     94  7648
     2991.479      2978.577       2990.484      2978.632    107  7571
     3559.561      2978.975       3561.067      2961.002     72  7510
     3587.472      2982.344       3587.462      2982.118     97  7729
     3040.126      2988.355       3026.347      2985.828     78  7594
     2840.641      2995.387       2850.359      3006.777    106  7746
     3592.904      2996.621       3593.094      2996.663    103  7736
     3516.040      2998.904       3516.084      2998.378    111  7688
     3533.756      3003.088       3534.726      3003.490    115  7835
     2727.381      3009.689       2727.056      3009.381    108  7848
     2565.446      3014.783       2565.253      3013.226    113  7796
     3434.105      3021.775       3434.390      3021.223    118  7879
     2862.102      3024.732       2862.268      3024.137    119  7897
     3504.028      3028.391       3521.704      3036.258    105  7911
     2680.640      3029.034       2680.816      3029.051    125  7859
     3299.820      3030.030       3299.803      3029.938    127  7913
     2714.879      3031.242       2707.328      3049.322    124  8023
     3979.346      3031.909       3979.528      3030.834    109  8124
     3030.502      3033.342       3030.356      3020.227    116  7813
     3204.488      3034.473       3204.321      3034.158    128  7972
     3639.251      3038.784       3650.125      3048.205    120  8040
     3116.803      3039.105       3116.646      3039.863    123  7914
     3709.411      3040.232       3709.800      3040.464    129  7966
     3672.056      3040.543       3671.704      3040.624    121  7986
     2452.445      3048.550       2446.803      3047.615    131  7942
     2706.554      3049.642       2707.328      3049.322    130  8023
     2823.559      3053.097       2823.465      3052.536    114  8253
     2996.452      3054.913       2996.386      3054.585     99  9046
     3664.406      3057.150       3664.213      3057.411    117  8181
     2490.897      3062.406       2490.307      3062.067    136  8231
     3276.402      3064.941       3274.064      3075.477    137  8259
     3442.458      3067.685       3443.834      3066.883    134  8221
     3691.063      3071.350       3690.503      3070.787    139  8178
     2846.247      3072.479       2845.938      3072.711    138  8136
     2891.989      3073.368       2891.726      3073.247    143  8161
     3070.757      3076.346       3070.750      3076.272    112  8968
     2731.268      3080.215       2731.136      3081.004    133  8188
     2496.660      3080.762       2496.863      3080.467    145  8274
     3466.061      3086.909       3466.232      3086.714    132  8385
     3887.185      3101.804       3887.394      3101.771    153  8340
     3984.145      3104.609       3991.704      3122.001    147  8417
     3329.482      3105.032       3329.591      3105.334    142  8403
     3356.740      3106.229       3356.927      3106.299    144  8396
     3729.189      3106.232       3729.164      3105.920    155  8352
     3180.321      3114.043       3179.904      3114.362    157  8520
     3804.970      3117.397       3796.493      3115.042    158  8374
     3440.208      3117.490       3452.414      3132.324    149  8490
     3465.787      3119.958       3466.267      3119.721    151  8603
     2766.712      3121.501       2766.897      3121.666    161  8429
     3867.636      3122.425       3867.680      3123.007    160  8507
     3932.776      3124.298       3933.469      3123.021    148  8599
     3772.273      3127.298       3772.610      3126.752    150  8505
     2429.097      3127.365       2429.034      3127.753    126  8789
     3110.356      3128.724       3110.445      3128.532    156  8595
     3292.603      3130.587       3292.655      3130.837    146  8751
     2594.026      3134.219       2606.992      3134.804    154  8536
     2525.225      3135.198       2524.642      3134.829    164  8738
     3664.859      3139.709       3665.103      3139.913    165  8596
     3893.586      3143.633       3893.639      3143.865    163  8685
     3672.055      3149.317       3672.075      3149.250    169  8632
     2506.975      3149.666       2506.741      3149.274    168  8661
     3057.250      3149.725       3044.593      3142.654    172  8555
     3350.188      3150.327       3350.933      3149.900    167  8752
     3688.341      3151.334       3688.966      3151.116    141  8760
     3647.208      3154.966       3647.530      3154.758    166  8762
     3021.947      3157.952       3022.171      3158.048    170  8670
     3766.311      3165.528       3767.795      3157.239    159  8654
     2647.844      3167.019       2647.855      3166.465    174  8817
     3137.060      3168.183       3136.859      3168.121    180  8835
     3215.638      3172.892       3215.981      3173.003    179  8733
     2481.341      3176.278       2481.376      3176.537    175  8902
     2599.364      3180.695       2599.482      3180.950    177  8932
     3648.118      3181.624       3647.317      3181.762    183  8834
     2873.734      3183.801       2874.252      3183.732    122 10033
     2553.950      3185.053       2553.809      3184.812    184  8847
     2453.875      3185.117       2453.696      3184.718    173  8920
     3811.160      3185.589       3811.313      3185.382    178  9020
     3033.922      3192.863       3034.243      3193.169    152  9048
     3854.691      3194.901       3854.226      3194.446    190  8900
     2980.642      3196.436       2980.522      3196.311    188  9014
     2778.726      3200.968       2778.689      3200.584    186  8974
     3203.898      3201.875       3204.463      3201.105    187  9066
     2820.671      3202.156       2820.099      3202.201    182  9023
     2668.777      3206.240       2668.802      3206.063    192  9026
     3351.738      3206.704       3369.897      3214.094    185  9030
     3571.384      3208.180       3571.262      3208.118    140 10039
     3774.494      3210.301       3780.655      3201.945    195  8972
     3369.341      3214.212       3369.897      3214.094    193  9030
     3088.660      3218.270       3087.866      3216.349    198  9083
     3694.531      3224.583       3693.986      3225.228    200  9109
     3756.184      3226.115       3756.731      3218.539    196  9029
     2556.680      3226.967       2556.635      3226.685    199  9234
     3222.527      3230.600       3228.727      3228.138    201  9146
     3175.311      3252.333       3166.603      3256.763    202  9328
     3844.036      3254.557       3826.922      3256.893    176  9340
     2943.332      3257.031       2943.064      3257.466    171  9599
     2700.552      3259.908       2700.280      3259.644    204  9424
     2634.102      3263.007       2633.158      3262.994    206  9549
     3966.297      3263.500       3966.575      3263.352    181  9667
     2464.552      3265.066       2464.327      3265.063    207  9427
     3226.547      3267.315       3226.685      3267.453    197  9884
     3503.438      3270.175       3503.688      3270.125    213  9447
     2790.251      3270.359       2794.288      3265.934    210  9380
     2455.455      3274.768       2455.092      3275.577    208  9483
     3015.172      3277.797       3015.176      3277.755    209  9556
     2804.610      3278.865       2804.302      3278.819    215  9583
     3856.527      3279.083       3856.175      3279.084    214  9472
     3691.091      3280.137       3691.583      3278.811    189  9739
     3450.778      3283.263       3450.700      3283.312    220  9560
     3387.528      3284.182       3387.441      3284.312    203  9838
     3155.101      3285.604       3154.872      3285.354    212  9573
     2461.064      3288.076       2460.618      3288.337    216  9785
     2584.571      3295.022       2584.268      3294.863    221  9675
     3492.986      3298.323       3492.963      3298.179    218  9663
     2785.429      3300.780       2785.462      3300.636    219  9717
     3371.464      3303.841       3371.364      3303.787    229  9671
     3325.252      3304.522       3325.597      3304.026    230  9695
     3941.263      3304.915       3940.908      3305.833    194  9947
     2628.790      3306.248       2628.160      3305.875    223  9926
     3249.932      3308.608       3250.036      3308.695    225  9796
     3919.597      3310.166       3919.311      3310.344    226  9771
     3391.284      3310.617       3392.862      3301.141    231  9669
     3271.670      3315.461       3283.009      3309.913    232  9761
     3587.348      3317.163       3587.152      3317.295    222 10178
     2691.250      3317.192       2689.392      3309.776    224  9699
     2848.496      3321.557       2848.237      3321.578    227 10017
     3513.540      3322.140       3513.537      3322.114    228  9880
     2829.774      3333.431       2830.252      3333.074    236  9928
     3592.562      3333.626       3592.630      3334.185    233  9973
     3341.006      3334.204       3341.138      3334.074    234 10011
     2536.501      3336.464       2536.759      3336.617    191 11198
     3610.579      3341.363       3611.005      3341.485    241 10012
     2959.396      3344.936       2959.215      3344.431    243 10096
     2416.337      3349.503       2416.403      3349.392    240 10071
     3274.616      3349.666       3274.049      3348.776    239 10098
     3322.022      3350.807       3321.501      3350.246    238 10060
     3969.412      3350.991       3969.391      3351.138    211 10253
     3916.463      3351.041       3916.589      3351.040    237 10232
     3812.615      3352.221       3813.419      3352.177    245 10052
     4006.805      3355.786       4003.027      3348.548    250 10031
     3645.026      3358.369       3652.029      3354.295    244 10118
     2911.213      3361.279       2911.029      3360.969    242 10190
     3427.871      3365.441       3427.866      3365.098    253 10176
     3409.985      3368.149       3410.185      3368.193    235 10275
     2568.281      3369.073       2568.605      3362.497    258 10175
     3188.358      3369.276       3188.223      3369.028    256 10339
     3262.555      3371.433       3260.806      3371.908    255 10196
     2637.301      3372.366       2637.364      3372.057    257 10262
     3350.641      3372.458       3351.186      3372.375    254 10221
     3860.954      3373.158       3860.905      3372.909    249 10447
     3429.213      3374.933       3429.546      3374.832    260 10257
     3951.562      3378.067       3952.836      3377.873    248 10324
     3020.500      3378.357       3020.574      3378.888    251 10438
     2457.317      3387.816       2457.131      3387.836    252 10435
     2703.202      3388.453       2702.664      3388.187    247 10666
     3028.058      3389.616       3028.284      3389.334    263 10457
     3454.995      3389.745       3454.621      3389.102    259 10338
     3684.559      3392.007       3684.447      3391.857    261 10580
     2486.049      3392.684       2485.301      3392.449    265 10422
     3164.709      3399.542       3164.586      3399.241    267 10404
     2788.831      3400.770       2788.746      3400.255    270 10644
     3268.676      3400.832       3268.693      3400.910    269 10491
     4012.906      3408.806       4012.539      3408.772    246 10821
     3934.198      3414.809       3936.060      3407.295    281 10571
     2586.923      3416.189       2587.076      3416.919    284 10597
     3330.288      3416.495       3329.938      3416.912    264 10637
     3400.329      3416.806       3400.374      3416.734    274 10667
     2997.936      3421.288       3005.933      3423.000    286 10650
     2736.711      3421.338       2736.737      3411.607    277 10547
     3270.146      3425.035       3270.325      3424.605    271 10916
     3882.085      3425.745       3881.925      3425.582    279 10704
     2326.259      3429.486       2331.357      3438.363    291 10762
     2655.543      3429.675       2655.855      3429.802    290 10672
     2952.635      3430.625       2952.603      3430.563    283 10735
     2446.200      3432.892       2446.115      3433.033    272 10778
     4014.344      3433.973       4014.615      3434.222    282 10780
     3153.739      3438.828       3153.189      3438.534    287 10763
     2695.735      3439.677       2695.646      3439.265    280 10949
     3802.931      3442.348       3802.514      3442.056    289 10974
     3122.059      3446.568       3121.934      3446.309    298 10859
     3492.625      3448.618       3492.686      3448.546    301 10880
     3384.313      3450.524       3383.690      3450.643    300 10930
     3050.052      3454.066       3049.694      3445.342    296 10815
     4096.004      3458.495       4091.152      3466.808    294 10982
     3486.672      3458.672       3486.984      3458.686    303 10975
     3636.633      3458.889       3639.695      3465.167    299 11000
     2953.659      3464.361       2953.420      3464.173    293 11092
     2707.654      3466.870       2707.670      3466.846    302 11103
     3534.222      3467.868       3542.122      3476.785    297 11082
     2939.023      3470.607       2939.133      3470.411    304 11141
     3302.286      3470.791       3302.211      3471.106    306 11129
     3124.416      3472.757       3124.789      3471.709    288 11151
     3583.001      3473.935       3583.666      3474.002    307 11137
     3287.929      3476.219       3302.211      3471.106    309 11129
     3418.069      3481.067       3436.789      3479.895    275 11102
     2857.267      3481.279       2857.148      3480.284    308 11116
     3778.465      3485.937       3778.616      3485.920    285 11516
     3357.982      3485.938       3358.188      3498.796    315 11221
     2758.085      3486.660       2753.365      3482.807    313 11110
     2683.855      3492.894       2685.398      3493.415    317 11218
     2963.296      3494.504       2963.491      3494.925    311 11274
     3221.490      3496.118       3222.094      3495.717    312 11298
     3524.181      3504.935       3531.843      3504.787    316 11330
     3212.333      3505.120       3211.657      3504.147    322 11263
     2417.739      3509.225       2417.897      3509.396    292 11761
     3746.828      3510.184       3746.466      3509.977    305 11752
     3053.459      3512.540       3053.969      3512.013    319 11366
     3498.130      3516.782       3499.014      3516.048    314 11462
     3185.069      3517.586       3178.368      3514.520    326 11363
     2786.267      3517.595       2786.888      3516.896    330 11405
     2456.886      3519.749       2456.935      3519.401    318 11568
     3225.491      3520.118       3225.630      3520.030    328 11515
     2850.245      3522.753       2849.864      3522.321    329 11546
     3404.267      3525.209       3398.221      3519.649    334 11403
     3804.770      3527.508       3804.982      3527.711    333 11556
     3151.356      3528.564       3151.244      3527.466    332 11478
     3843.204      3532.154       3842.346      3531.965    338 11707
     3194.317      3532.258       3194.258      3531.975    340 11491
     3475.865      3534.792       3475.112      3535.209    337 11541
     3414.157      3543.464       3415.436      3546.847    344 11605
     3391.860      3548.997       3393.076      3563.334    331 11737
     4001.405      3549.913       4007.107      3542.558    346 11558
     3282.455      3551.615       3282.681      3551.390    323 12007
     3479.273      3552.709       3479.024      3552.613    335 11976
     3444.624      3552.924       3444.704      3551.903    327 11951
     2697.509      3552.991       2696.818      3552.628    345 11739
     3139.047      3557.764       3139.051      3558.029    343 11834
     3162.465      3558.956       3162.533      3558.720    350 11766
     3941.918      3560.753       3956.677      3565.458    310 11832
     3068.718      3563.466       3066.188      3544.838    325 11621
     2402.284      3564.314       2402.094      3563.812    324 12243
     3410.510      3569.574       3410.357      3569.566    342 11967
     3202.834      3569.807       3202.212      3569.724    354 11874
     3562.673      3569.938       3562.670      3570.061    353 12104
     2873.875      3570.865       2874.028      3570.476    347 11993
     2850.524      3573.052       2850.298      3572.454    348 11965
     2796.673      3574.188       2797.210      3573.982    349 12040
     2903.397      3583.801       2903.336      3583.393    352 12081
     3984.496      3587.185       3984.596      3587.150    341 12082
     3417.117      3588.170       3433.889      3591.297    357 12089
     3458.469      3592.157       3458.792      3591.726    355 12329
     2931.255      3597.138       2931.063      3597.000    361 12115
     3298.442      3599.788       3298.383      3600.340    356 12200
     3547.838      3601.402       3547.209      3600.927    351 12184
     2398.144      3603.621       2397.773      3603.351    359 12332
     3097.539      3604.433       3098.351      3605.246    362 12143
     3798.532      3611.523       3808.471      3599.124    360 12092
     4025.176      3613.270       4025.878      3613.129    367 12219
     2912.005      3616.602       2904.325      3619.428    369 12189
     2661.925      3620.827       2661.908      3620.211    364 12402
     3403.884      3621.264       3403.654      3621.590    372 12246
     3493.279      3621.718       3493.964      3622.227    368 12298
     2459.986      3622.972       2458.973      3622.077    370 12297
     2505.390      3624.621       2505.031      3625.066    365 12336
     3428.393      3624.765       3428.508      3624.110    375 12290
     3032.570      3628.436       3032.225      3628.192    376 12350
     3564.425      3631.263       3559.848      3649.432    363 12478
     3545.578      3638.067       3559.848      3649.432    378 12478
     2850.025      3638.173       2840.840      3637.933    379 12365
     3111.284      3639.842       3097.184      3644.336    381 12537
     2729.654      3643.434       2728.738      3641.974    371 12500
     2976.882      3643.716       2976.870      3643.471    374 12495
     2905.793      3646.083       2904.018      3647.906    382 12509
     2644.354      3649.828       2644.227      3649.413    388 12542
     3071.840      3651.263       3065.284      3652.036    358 12577
     3893.176      3652.612       3893.827      3652.844    387 12597
     3047.893      3653.364       3047.840      3652.950    373 12652
     2421.844      3654.795       2422.518      3653.695    389 12540
     3306.667      3658.266       3307.057      3658.272    386 12720
     3670.757      3658.452       3670.586      3658.291    383 12598
     2849.136      3664.388       2860.610      3664.172    393 12562
     3104.942      3667.687       3104.766      3667.410    394 12662
     3330.540      3667.917       3330.070      3667.333    390 12615
     2480.110      3668.922       2480.816      3668.604    398 12627
     3698.011      3670.576       3698.041      3670.463    384 12853
     3359.852      3670.842       3369.584      3669.652    397 12631
     2551.277      3672.316       2551.550      3672.644    391 12910
     2580.806      3673.051       2580.588      3672.911    377 13030
     3631.618      3678.734       3643.846      3682.826    404 12715
     3579.947      3679.437       3579.801      3679.348    392 12926
     2643.791      3681.266       2644.106      3679.986    396 12840
     3474.047      3685.829       3474.152      3686.049    407 12772
     3284.889      3689.456       3284.526      3688.349    403 12789
     3787.200      3689.994       3786.918      3689.755    401 13038
     4062.893      3691.598       4063.077      3691.513    406 12796
     2508.844      3693.459       2508.676      3693.719    408 12953
     3939.579      3693.469       3939.240      3693.370    400 12940
     2952.219      3698.893       2961.467      3683.465    411 12738
     3857.525      3699.180       3857.724      3699.164    399 12911
     3049.215      3699.358       3046.871      3700.703    415 12934
     2775.881      3700.219       2776.325      3700.281    413 13174
     3993.865      3700.289       3994.615      3700.465    385 12905
     3834.045      3700.794       3815.068      3698.063    402 12863
     2993.438      3704.515       2993.710      3704.179    417 13143
     3207.825      3705.049       3207.918      3704.990    412 12988
     3081.444      3709.434       3081.628      3709.322    410 13087
     2472.511      3717.230       2472.931      3717.305    414 13084
     3639.506      3723.096       3639.535      3723.167    405 13415
     2875.428      3724.794       2875.533      3724.584    425 13151
     2942.367      3725.069       2942.356      3725.148    421 13133
     3014.290      3726.282       3014.064      3726.501    416 13318
     3743.694      3731.537       3743.809      3731.896    422 13259
     2678.981      3735.480       2679.663      3727.980    420 13104
     3993.026      3741.622       3991.698      3733.023    432 13101
     3185.711      3742.566       3185.534      3742.647    419 13277
     3400.031      3747.113       3400.391      3746.955    427 13248
     3674.320      3748.867       3674.320      3748.772    431 13321
     2710.541      3751.012       2710.304      3750.948    438 13306
     2643.543      3753.254       2643.551      3752.477    436 13354
     2851.338      3753.803       2851.302      3753.743    437 13364
     3687.050      3762.971       3687.146      3762.557    439 13446
     2569.559      3763.815       2570.165      3763.367    444 13316
     3414.776      3768.617       3414.114      3768.390    441 13474
     2619.437      3768.666       2619.235      3769.264    440 13482
     3565.948      3770.960       3566.228      3770.029    435 13507
     2783.772      3771.495       2790.959      3786.527    395 13500
     3833.717      3772.131       3834.635      3764.196    434 13391
     3217.071      3774.292       3217.373      3774.238    445 13502
     3023.950      3775.948       3024.480      3775.964    433 13580
     3696.685      3779.260       3687.146      3762.557    455 13446
     2423.344      3780.432       2421.327      3781.399    448 13618
     3938.718      3784.903       3930.985      3780.254    380 13512
     3093.440      3792.850       3093.348      3792.525    424 13648
     3484.266      3800.227       3484.316      3800.218    456 13751
     3075.334      3802.837       3074.364      3802.126    462 13753
     2580.887      3803.800       2592.778      3790.662    458 13606
     3607.311      3805.637       3607.296      3805.911    457 13783
     3053.765      3808.440       3053.683      3808.101    461 13708
     2871.974      3808.776       2871.870      3808.910    452 14008
     3427.282      3808.996       3440.499      3820.195    460 13774
     3533.267      3810.748       3519.525      3820.639    466 13804
     3486.000      3813.054       3486.330      3813.105    463 13875
     2928.347      3816.446       2928.139      3816.407    442 14007
     3336.920      3816.755       3337.118      3816.990    449 13918
     2650.049      3817.348       2649.501      3817.449    469 14046
     3462.160      3818.171       3462.198      3818.286    471 13789
     2971.034      3819.438       2971.622      3819.385    429 14206
     2773.198      3820.133       2773.163      3819.786    465 13882
     3638.714      3831.572       3638.270      3831.823    472 13980
     3060.431      3836.525       3060.821      3836.821    453 13938
     3453.041      3842.021       3452.740      3842.136    479 13891
     2546.921      3842.713       2547.014      3842.898    474 14066
     3420.100      3845.388       3420.032      3845.268    476 13983
     2737.513      3846.733       2736.895      3846.669    470 14054
     2827.122      3847.064       2827.612      3847.265    475 14049
     3736.084      3847.220       3736.152      3847.149    478 13982
     2582.360      3848.074       2582.601      3847.991    459 14200
     3574.640      3849.905       3575.105      3849.877    468 14063
     2652.571      3856.962       2652.216      3856.603    484 14093
     2819.477      3861.954       2827.612      3847.265    483 14049
     3780.905      3862.921       3780.543      3862.723    486 14103
     3578.172      3865.902       3578.390      3865.810    485 14117
     3481.708      3866.220       3494.092      3871.742    477 14123
     3258.426      3866.811       3258.540      3866.554    464 14575
     2783.309      3870.612       2782.742      3871.029    481 14257
     2720.332      3873.798       2728.375      3867.781    490 14090
     3387.481      3875.475       3387.440      3875.211    488 14205
     2461.532      3877.851       2461.714      3877.681    473 14232
     3652.791      3878.716       3653.210      3878.791    423 15394
     3427.154      3880.785       3427.037      3880.711    491 14227
     3474.734      3885.288       3474.634      3885.153    493 14229
     2777.653      3886.711       2777.251      3886.865    489 14315
     3532.430      3886.942       3513.163      3885.289    446 14202
     2726.935      3887.134       2726.994      3886.877    492 14243
     3794.853      3893.198       3794.386      3893.749    496 14239
     2991.295      3899.110       2991.240      3898.848    495 14330
     3758.216      3906.658       3757.982      3907.270    487 14588
     3454.635      3907.350       3455.131      3906.983    497 14410
     3729.313      3912.300       3730.055      3912.118    501 14476
     3302.414      3918.571       3302.615      3918.337    500 14880
     3092.569      3919.153       3092.987      3918.453    499 14708
     2558.396      3919.231       2557.795      3917.866    503 14446
     2687.336      3919.357       2687.149      3920.102    504 14523
     2798.332      3920.150       2797.932      3918.955    505 14458
     3410.392      3920.314       3410.766      3920.810    498 14552
     3506.355      3921.828       3506.667      3922.075    480 15084
     3665.628      3926.272       3665.945      3926.510    494 14731
     3890.866      3927.291       3890.995      3928.656    507 14508
     2842.842      3927.764       2842.597      3926.798    508 14529
     2716.902      3929.949       2716.515      3929.303    509 14560
     3463.328      3936.377       3474.807      3942.750    512 14577
     2805.838      3940.030       2806.258      3939.239    510 14591
     3261.440      3942.656       3266.011      3937.512    511 14543
     3209.452      3942.851       3209.243      3942.056    519 14561
     3676.310      3947.972       3677.144      3948.064    518 14662
     3852.029      3949.338       3851.941      3949.519    515 14718
     3479.888      3953.276       3479.888      3953.010    520 14659
     3286.690      3958.933       3286.366      3958.969    522 14699
     2820.761      3959.169       2813.163      3973.874    506 14775
     2637.863      3965.759       2637.860      3965.368    525 14768
     2547.444      3966.279       2547.313      3966.150    523 14753
     3141.236      3970.833       3141.026      3970.096    526 14746
     3591.834      3971.308       3592.067      3970.684    524 14805
     2654.201      3977.119       2654.169      3977.104    529 14907
     3199.252      3977.734       3199.285      3977.889    531 14864
     3345.792      3979.420       3345.398      3989.591    534 14917
     3432.445      3979.727       3432.570      3979.104    532 14811
     3115.901      3981.547       3115.751      3981.486    527 14905
     2672.687      3982.737       2672.568      3982.502    533 14897
     2540.427      3982.820       2540.545      3982.832    528 14891
     3743.859      3986.646       3755.770      3970.682    513 14825
     2794.324      3988.327       2794.103      3988.246    517 15065
     2609.827      3989.335       2596.295      3996.285    539 14931
     3594.613      3989.963       3594.632      3989.980    538 14920
     2872.231      3990.307       2872.337      3990.246    536 14919
     2493.785      3993.853       2493.222      3993.648    530 15004
     3909.005      3996.685       3899.056      4001.967    542 14947
     3051.107      3997.893       3050.018      3998.223    535 15069
     3151.689      4005.864       3149.003      4008.520    540 15031
     2897.755      4007.841       2897.620      4007.350    544 15066
     3621.245      4007.853       3621.127      4007.850    537 15014
     3592.541      4008.510       3592.743      4008.167    545 15026
     3407.625      4009.410       3407.448      4008.797    541 15053
     2730.244      4012.096       2730.753      3994.411    549 14887
     3422.962      4017.310       3422.994      4017.326    543 15109
     3290.063      4018.320       3294.314      4031.087    554 15150
     3826.792      4019.274       3826.946      4019.394    521 15316
     3206.891      4020.036       3198.101      4023.776    551 15148
     3198.420      4024.007       3198.101      4023.776    556 15148
     3731.469      4025.147       3731.863      4024.984    555 15158
     2846.620      4029.672       2846.828      4030.009    552 15181
     3532.242      4031.026       3532.340      4031.133    547 15372
     2694.939      4033.040       2695.344      4032.863    558 15214
     2559.350      4041.418       2559.570      4041.700    548 15453
     3414.129      4052.996       3414.049      4053.066    559 15373
     2752.175      4058.675       2752.062      4058.374    562 15331
     2786.170      4068.051       2786.108      4068.064    565 15384
     3143.048      4069.093       3142.186      4066.734    564 15378
     3729.464      4074.999       3729.344      4075.059    502 16405
     3026.950      4076.455       3026.890      4076.429    561 15616
     3206.887      4076.809       3206.712      4076.137    560 15532
     2658.822      4077.168       2659.070      4077.181    553 15562
     3118.634      4077.700       3123.544      4078.161    567 15561
     2845.054      4079.902       2844.947      4079.803    566 15461
     3340.211      4080.820       3339.943      4080.572    557 15730
     3814.133      4080.941       3814.035      4080.741    570 15481
     2871.616      4084.150       2871.637      4084.143    546 15662
     3617.224      4089.912       3617.478      4089.792    569 15487
     3287.134      4092.429       3285.979      4092.090    572 15568
     2805.451      4096.523       2805.361      4096.740    568 15689
     3166.474      4106.326       3166.137      4106.724    576 15659
     3149.326      4107.815       3149.491      4107.814    573 15701
     2655.512      4117.817       2655.393      4117.392    575 15743
     2730.938      4124.631       2723.247      4116.866    574 15672
     3600.796      4126.474       3602.249      4128.148    582 15777
     3115.423      4130.930       3115.200      4130.895    580 15783
     2750.264      4131.300       2750.768      4131.306    578 15838
     3646.299      4141.491       3645.958      4141.072    579 15853
     2749.735      4147.898       2749.832      4147.852    588 15873
     3729.009      4147.958       3729.394      4149.052    577 15975
     3102.013      4151.611       3101.017      4151.320    585 16004
     2676.310      4155.431       2677.652      4152.370    590 15870
     3072.306      4159.017       3072.204      4159.057    589 15992
     2774.569      4165.914       2774.652      4165.565    586 16035
     3028.046      4174.274       3028.162      4174.049    594 15989
     2717.073      4180.513       2717.382      4179.769    592 16060
     3394.202      4181.496       3393.817      4181.489    595 16076
     2825.838      4182.977       2826.089      4183.757    591 16113
     2985.297      4185.541       2985.668      4185.350    597 16072
     3340.507      4193.376       3340.583      4192.937    593 16220
     2964.938      4193.379       2964.518      4193.252    581 16199
     3086.406      4208.603       3086.238      4208.330    598 16174
     3292.848      4209.911       3296.044      4193.986    596 16077
     3701.268      4219.868       3701.370      4225.127    602 16274
     3050.142      4221.263       3056.755      4224.417    603 16228
     3149.211      4222.743       3148.619      4222.197    601 16225
     2943.561      4235.515       2943.333      4235.519    606 16417
     3162.489      4236.140       3162.473      4235.753    604 16341
     2871.876      4239.302       2879.121      4227.054    605 16449
     3493.043      4243.741       3495.275      4242.363    516 16209
     3256.137      4247.083       3255.225      4245.337    611 16450
     2929.698      4248.026       2929.209      4247.873    610 16547
     2768.119      4249.012       2767.979      4248.766    599 16785
     2831.480      4256.862       2831.248      4257.135    607 16580
     3064.365      4262.660       3063.953      4262.628    614 16513
     3115.737      4266.957       3115.672      4267.027    615 16497
     3088.585      4272.919       3089.185      4272.367    608 16566
     2983.416      4273.860       2972.142      4271.247    613 16538
     3610.677      4281.462       3599.631      4284.200    616 16579
     2899.248      4318.568       2885.599      4314.847    617 16760
