3278.9629 2574.4585
3353.0781 2612.5303
3224.9187 2623.9114
3069.0173 2641.7158
2915.0369 2640.0952
3256.8577 2718.0598
3074.0815 2649.6641
3084.3391 2678.2876
3486.72 2689.198
3526.8689 2773.5322
2844.5029 2694.7983
3004.1179 2728.782
3238.1843 2761.1592
3222.2947 2708.1118
3549.3733 2708.6936
2834.8123 2777.8938
2964.957 2725.0393
3051.0715 2729.9336
3120.1318 2717.9932
2923.0376 2738.5928
3061.9214 2727.9434
2950.2979 2746.459
3077.9236 2738.5203
3402.823 2766.2031
3157.6226 2752.0796
3000.4058 2755.5735
3776.7332 2772.3987
2684.7046 2790.7183
2647.1091 2789.9924
3459.7415 2774.8789
3139.9819 2808.3481
3086.061 2793.6343
3305.7478 2793.0437
3615.947 2810.4775
2828.7761 2797.9939
2813.6602 2847.5239
2910.1714 2801.0337
2618.1851 2812.4097
3527.5303 2802.854
3285.5837 2843.1487
3062.8552 2822.1487
3444.5483 2831.3821
2930.2678 2813.7996
3778.9365 2828.4463
2727.1521 2884.6985
2766.2581 2836.8101
3262.0867 2856.7087
3652.699 2854.9736
3117.8059 2852.541
3105.6382 2845.2676
3827.0884 2870.2444
3786.3669 2887.0845
3411.9536 2882.4419
2773.3093 2860.7251
3291.7627 2882.1633
3029.969 2868.6001
3176.1826 2872.3467
3047.061 2869.1184
2599.4143 2910.4932
2733.1135 2907.5476
2609.9102 2882.2461
2751.2793 2882.3174
3746.9097 2888.7195
3723.8049 2904.8633
3003.9067 2894.469
3488.3857 2877.0803
2499.8464 2943.3149
3217.4077 2903.5776
2950.7622 2887.9404
3064.2786 2885.6812
3449.8083 2892.1892
3559.561 2978.9751
3287.6418 2899.7893
2865.4822 2921.854
3060.2092 2914.9258
3237.7268 2909.7485
2961.2683 2909.8762
3040.1257 2988.3555
3664.7549 2911.0188
2895.613 2911.1082
3122.5139 2907.8762
3540.5063 2916.4875
3858.7029 2923.5378
3813.4907 2922.3591
3157.8884 2926.8501
3567.2712 2927.676
3061.9622 2951.4167
2817.0127 2928.5488
3788.9099 2944.9978
3941.8047 2974.0039
2766.2839 2964.1311
3273.2185 2941.1558
2563.575 2959.7996
3415.386 2977.6887
2980.9382 2950.0737
2945.2556 2961.1121
3587.4719 2982.3445
3511.5898 2969.2087
2996.4519 3054.9131
3027.1462 2963.9814
3390.645 2971.113
2924.8716 2996.2026
3592.9038 2996.6208
3664.0332 2969.9966
3504.0281 3028.3911
2840.6409 2995.3875
2991.4792 2978.5769
2727.3813 3009.6887
3979.3464 3031.9094
3601.4368 3017.1912
3516.0398 2998.9043
3070.7571 3076.3459
2565.4463 3014.783
2823.5593 3053.0967
3533.7561 3003.0876
3030.5017 3033.3416
3664.4062 3057.1497
3434.105 3021.7747
2862.1018 3024.7317
3639.2515 3038.7839
3672.0559 3040.5435
2873.7344 3183.8008
3116.803 3039.1052
2714.8789 3031.2424
2680.6401 3029.0339
2429.0974 3127.365
3299.8196 3030.0298
3204.488 3034.4727
3709.4109 3040.2319
2706.5537 3049.6423
2452.4446 3048.55
3466.0608 3086.9094
2731.2676 3080.2146
3442.4575 3067.6848
3910.7954 3054.8716
2490.8967 3062.4062
3276.4021 3064.9414
2846.2473 3072.479
3691.063 3071.3501
3571.3843 3208.1802
3688.3408 3151.3337
3329.4822 3105.032
2891.9888 3073.3682
3356.7405 3106.2295
2496.6602 3080.7622
3292.6033 3130.5867
3984.1453 3104.6091
3932.7761 3124.2979
3440.2075 3117.4897
3772.2732 3127.2979
3465.7866 3119.958
3033.9219 3192.8625
3887.1853 3101.8044
2594.0259 3134.2192
3729.189 3106.2324
3110.3557 3128.7244
3180.3213 3114.0427
3804.9697 3117.3972
3766.3105 3165.5278
3867.636 3122.4246
2766.7122 3121.5012
3312.7249 3122.6506
3893.5862 3143.6331
2525.2251 3135.1982
3664.8589 3139.7095
3647.2085 3154.9658
3350.188 3150.3274
2506.9749 3149.6658
3672.0547 3149.3171
3021.9465 3157.9519
2943.3323 3257.0308
3057.25 3149.7253
2453.8745 3185.1172
2647.8442 3167.019
2481.3408 3176.2776
3844.0359 3254.5571
2599.3635 3180.6948
3811.1597 3185.5886
3215.6377 3172.8921
3137.0603 3168.1831
3966.2971 3263.5005
2820.6711 3202.1555
3648.1184 3181.624
2553.95 3185.0527
3351.7375 3206.7043
2778.7261 3200.9675
3203.8982 3201.8755
2980.6416 3196.4363
3691.0911 3280.1367
3854.6912 3194.9011
2536.5012 3336.4636
2668.7773 3206.2395
3369.3413 3214.2119
3941.2629 3304.9148
3774.4937 3210.3008
3756.1838 3226.1155
3226.5471 3267.3147
3088.6602 3218.2703
2556.6802 3226.9666
3694.5312 3224.5833
3222.5266 3230.6001
3175.311 3252.3333
3387.5276 3284.1816
2700.5522 3259.9084
3726.613 3310.2349
2634.1018 3263.0073
2464.5518 3265.0659
2455.4551 3274.7678
3015.1719 3277.7966
2790.251 3270.3594
3969.4119 3350.9915
3155.1011 3285.604
3503.4382 3270.1746
3856.5266 3279.0835
2804.6104 3278.8647
2461.0645 3288.0757
2503.1245 3309.5413
3492.9863 3298.3232
2785.4292 3300.7803
3450.7781 3283.2627
2584.5706 3295.0222
3587.3484 3317.1631
2628.7898 3306.248
2691.2498 3317.1917
3249.9316 3308.6084
3919.5974 3310.1655
2848.4956 3321.5569
3513.54 3322.1396
3371.4639 3303.8406
3325.2522 3304.5222
3391.2842 3310.6169
3271.6697 3315.4614
3592.5615 3333.6257
3341.0056 3334.2043
3409.9846 3368.1487
2829.7742 3333.4307
3916.4634 3351.0405
3322.0217 3350.8071
3274.6157 3349.6655
2416.3374 3349.5034
3610.5791 3341.3628
2911.2131 3361.2786
2959.3955 3344.9363
3645.0256 3358.3694
3812.6145 3352.2212
4012.9065 3408.8057
2703.2017 3388.4529
3951.562 3378.0671
3860.9539 3373.158
4006.8049 3355.7864
3020.4995 3378.3574
2457.3169 3387.8164
3427.8708 3365.4407
3350.6406 3372.458
3262.5549 3371.4326
3188.3584 3369.2756
2637.3013 3372.3657
2568.281 3369.0725
3454.9954 3389.7451
3429.2134 3374.9331
3684.5591 3392.0071
4026.1577 3376.0537
3028.0579 3389.6157
3330.2876 3416.4949
2486.0488 3392.6836
3619.9197 3541.9841
3164.7092 3399.5425
2439.7954 3410.5244
3268.676 3400.8318
2788.8311 3400.7695
3270.1465 3425.0354
2446.2 3432.8916
2866.6299 3452.5593
3400.3286 3416.8059
3418.0693 3481.0671
3263.7849 3456.7991
2736.7109 3421.3379
3794.731 3420.1577
3882.085 3425.7454
2695.7349 3439.6765
3934.1985 3414.8091
4014.3445 3433.9729
2952.6353 3430.625
2586.9229 3416.1887
3778.4651 3485.9365
2997.936 3421.2876
3153.7388 3438.8281
3124.4163 3472.7571
3802.9307 3442.3477
2655.543 3429.6746
2326.2588 3429.4861
2417.7388 3509.2246
2953.6594 3464.3613
4096.0044 3458.4954
4080.2271 3439.6152
3050.0518 3454.0657
3534.2222 3467.8679
3122.0586 3446.5684
3636.6326 3458.8892
3384.3132 3450.5239
3492.6245 3448.6184
2707.6543 3466.8701
3486.6716 3458.6719
2939.0234 3470.6069
3746.8281 3510.1843
3302.2859 3470.7905
3583.001 3473.9351
2857.2673 3481.2786
3287.929 3476.2195
3941.9182 3560.7527
2963.2957 3494.5039
3221.49 3496.1184
2758.085 3486.6602
3498.1304 3516.782
3357.9817 3485.938
3524.1814 3504.9353
2683.855 3492.8943
2456.886 3519.7485
3053.4587 3512.5396
3618.1719 3504.4885
3596.3149 3514.2607
3212.3333 3505.1196
3282.4553 3551.6145
2402.2842 3564.3142
3068.7183 3563.4658
3185.0688 3517.5859
3444.6238 3552.9243
3225.491 3520.1184
2850.2449 3522.7527
2786.2668 3517.595
3391.8596 3548.9966
3151.3557 3528.5642
3804.7703 3527.5076
3404.2671 3525.2095
3479.2727 3552.709
3296.8452 3529.8022
3475.8655 3534.792
3843.2039 3532.1536
3270.2424 3534.8936
3194.3169 3532.2576
3984.4956 3587.1853
3410.5105 3569.5742
3139.0469 3557.7644
3414.157 3543.4641
2697.5088 3552.9907
4001.4045 3549.9133
2873.8748 3570.8652
2850.5242 3573.0518
2796.6733 3574.1885
3162.4653 3558.9561
3547.8384 3601.4021
2903.397 3583.801
3562.6733 3569.9377
3202.8345 3569.8074
3458.4688 3592.1575
3298.4417 3599.7878
3417.1167 3588.1702
3071.8396 3651.2634
2398.1443 3603.6208
3798.5317 3611.5229
2931.2546 3597.1377
3097.5393 3604.4333
3564.4248 3631.2629
2661.9246 3620.8267
2505.3904 3624.6211
3005.74 3609.1035
4025.1758 3613.2698
3493.2786 3621.7183
2912.0054 3616.6018
2459.9861 3622.9719
2729.6536 3643.4338
3403.8838 3621.2639
3047.8928 3653.3635
2976.8818 3643.7156
3428.3931 3624.7651
3032.5698 3628.436
2580.8057 3673.0513
3545.5776 3638.0671
2850.0254 3638.1731
3938.7175 3784.9026
3111.2844 3639.8416
2905.7935 3646.0828
3670.7566 3658.4521
3698.0112 3670.5759
3993.865 3700.2893
3306.667 3658.2661
3893.1758 3652.6118
2644.3545 3649.8281
2421.8435 3654.7952
3330.5398 3667.9175
2551.2773 3672.3157
3579.9468 3679.4373
2849.136 3664.3879
3104.9424 3667.687
2783.7722 3771.4946
2643.7913 3681.2656
3359.8516 3670.8416
2480.1104 3668.9216
3857.5251 3699.1799
3939.5789 3693.4695
3787.1997 3689.9941
3834.0452 3700.7942
3284.8892 3689.4556
3631.6179 3678.7339
3639.5063 3723.0964
4062.8928 3691.5977
3474.0474 3685.8289
2508.8435 3693.4592
2628.5957 3727.4519
3081.4443 3709.4341
2952.2192 3698.8931
3207.8254 3705.0491
2775.8811 3700.2188
2472.5115 3717.2302
3049.2151 3699.3577
3014.29 3726.2822
2993.4385 3704.5151
3283.2849 3797.4656
3185.7109 3742.5659
2678.981 3735.48
2942.3669 3725.0686
3743.6938 3731.5374
3652.791 3878.7156
3093.4399 3792.8501
2875.428 3724.7939
3096.4285 3727.0518
3400.0305 3747.1125
3824.0688 3730.5518
2971.0342 3819.4385
3728.8467 3770.6499
3674.3203 3748.8667
3993.0256 3741.6221
3023.95 3775.9482
3833.7168 3772.1306
3565.948 3770.9602
2643.5427 3753.2539
2851.3376 3753.803
2710.541 3751.012
3687.0498 3762.9712
2619.4373 3768.6663
3414.7761 3768.6174
2928.3474 3816.4458
2386.8733 3839.0068
2569.5593 3763.8147
3217.071 3774.2925
3532.4297 3886.9419
3120.5635 3769.605
2423.3438 3780.4319
3336.9197 3816.7546
3470.3176 3778.3101
2548.8286 3786.249
2871.9741 3808.7759
3060.4309 3836.5251
3356.6008 3783.2656
3696.6846 3779.2603
3484.2664 3800.2271
3607.3108 3805.6375
2580.8872 3803.8
2582.3596 3848.0742
3427.2817 3808.9958
3053.7651 3808.4399
3075.3342 3802.8374
3486.0002 3813.0544
3258.4258 3866.811
2773.198 3820.1326
3533.2673 3810.7476
2351.8523 3810.4834
3574.6404 3849.9045
2650.0488 3817.3477
2737.5129 3846.7327
3462.1604 3818.1714
3638.7141 3831.5715
2461.5322 3877.8508
2546.9214 3842.7126
2827.1218 3847.0642
3420.0996 3845.3879
3481.7085 3866.2202
3736.0842 3847.2197
3453.0413 3842.0205
3506.3547 3921.8281
2783.3091 3870.6116
2824.9705 3882.4211
2819.4768 3861.9541
2652.5706 3856.9617
3578.1716 3865.9016
3780.9053 3862.9207
3758.2156 3906.6582
3387.4814 3875.4753
2777.6533 3886.7107
2720.3315 3873.7981
3427.1538 3880.7849
2726.9353 3887.1338
3474.7341 3885.2883
3665.6277 3926.2725
2991.2947 3899.1104
3794.8525 3893.1985
3454.6353 3907.3501
3410.3918 3920.3142
3092.5691 3919.1531
3302.4138 3918.5706
3729.3132 3912.2996
3729.4644 4074.999
2558.396 3919.231
2687.3364 3919.3567
2798.3323 3920.1501
2820.761 3959.1687
3890.8665 3927.291
2842.8418 3927.7639
2716.9019 3929.949
2805.8381 3940.0303
3261.4402 3942.6562
3463.3279 3936.3767
3743.8594 3986.6458
3567.3745 3959.5728
3852.0288 3949.3376
3493.043 4243.7412
2794.3245 3988.3271
3676.3101 3947.9722
3209.4517 3942.8511
3479.8882 3953.2761
3826.792 4019.2739
3286.6897 3958.9333
2547.4438 3966.2786
3591.8345 3971.3083
2637.863 3965.7588
3141.2363 3970.8325
3115.9009 3981.5466
2540.4272 3982.8201
2654.2012 3977.1187
2493.7849 3993.853
3199.2522 3977.7344
3432.4446 3979.7271
2672.6868 3982.7371
3345.7925 3979.4197
3051.1074 3997.8931
2872.2312 3990.3069
3621.2446 4007.8533
3594.6128 3989.9629
2609.8274 3989.3347
3151.689 4005.8638
3407.6252 4009.4099
3909.0054 3996.6851
3422.9624 4017.3103
2897.7551 4007.8413
3592.5405 4008.5105
2871.616 4084.1497
3532.2424 4031.0261
2559.3501 4041.4182
2730.2441 4012.0964
2649.1028 4022.5396
3206.8906 4020.0359
2846.6196 4029.6724
2658.8215 4077.1682
3290.0635 4018.3203
3731.4692 4025.1475
3198.4202 4024.0073
3340.2109 4080.8196
2694.9392 4033.0396
3414.1287 4052.9956
3206.887 4076.8093
3026.95 4076.4551
2752.1753 4058.6748
3906.0747 4065.7783
3143.0483 4069.0925
2786.1704 4068.0505
2845.0542 4079.9016
3118.6343 4077.7004
2805.4512 4096.5229
3617.2241 4089.9124
3814.1331 4080.9409
3845.21 4087.3201
3287.134 4092.429
3149.3264 4107.8149
2730.938 4124.6313
2655.5125 4117.8174
3166.4739 4106.3262
3729.009 4147.9575
2750.2639 4131.3003
3646.2986 4141.4907
3115.4231 4130.9302
2964.9385 4193.3789
3600.7957 4126.4736
3108.4126 4312.6367
3117.7739 4139.1904
3102.0129 4151.6113
2774.5693 4165.9136
2939.4087 4177.8608
2749.7349 4147.8979
3072.3057 4159.0171
2676.3103 4155.4307
2825.8381 4182.9766
2717.0735 4180.5132
3340.5066 4193.376
3028.0464 4174.2744
3394.2017 4181.4956
3292.8477 4209.9106
2985.2966 4185.5405
3086.4065 4208.603
2768.1194 4249.0117
3693.6802 4220.2407
3149.2109 4222.7427
3701.2678 4219.8682
3050.1423 4221.2627
3162.4888 4236.1396
2871.8762 4239.3018
2943.5613 4235.5146
2831.4805 4256.8618
3088.5847 4272.9194
2920.8923 4248.627
2929.6978 4248.0259
3256.1367 4247.083
2879.2222 4249.1689
2983.416 4273.8604
3064.365 4262.6602
3115.7371 4266.9565
3610.6775 4281.4624
2899.2483 4318.5684
